# A 23
7517.0   1.44    0.05
7534.0   1.48    0.05
7535.0   1.50    0.05
7560.0   1.63    0.06
7573.0   1.60    0.06
7582.0   1.44    0.05
7589.0   1.42    0.05
7590.0   1.41    0.05
7600.0   1.23    0.04
7606.0   1.39    0.05
7618.0   1.46    0.05
7627.0   1.66    0.06
7642.0   1.74    0.06
7649.0   1.77    0.06
7653.0   1.80    0.06
7654.0   1.74    0.06
7655.0   1.78    0.06
7657.0   1.79    0.06
7678.0   1.67    0.06
7711.0   1.57    0.05
7719.0   1.56    0.05
7725.0   1.69    0.06
7778.0   1.42    0.05
# P 0
# B 4
7573.0   1.59    0.06
7584.0   1.38    0.05
7644.0   1.70    0.06
7661.0   1.70    0.06
# C 3
7687.0   1.54    0.05
7742.0   1.53    0.05
7748.0   1.59    0.06
# D 3
7616.0   1.67    0.06
7675.0   1.96    0.07
7676.0   1.85    0.06
# E 11
7561.0   1.70    0.06
7564.0   1.64    0.06
7565.0   1.69    0.06
7567.0   1.61    0.06
7568.0   1.52    0.05
7572.0   1.59    0.06
7629.0   1.51    0.05
7650.0   1.87    0.07
7654.0   1.85    0.06
7681.0   1.67    0.06
7682.0   1.67    0.06
# F 21
7528.0   1.60    0.06
7533.0   1.64    0.06
7539.0   1.53    0.05
7543.0   1.53    0.05
7570.0   1.77    0.06
7571.0   1.64    0.06
7587.0   1.56    0.05
7591.0   1.48    0.05
7592.0   1.54    0.05
7593.0   1.53    0.05
7623.0   1.79    0.06
7624.0   1.61    0.06
7626.0   1.65    0.06
7627.0   1.58    0.06
7643.0   1.86    0.07
7644.0   1.86    0.07
7650.0   1.91    0.07
7654.0   1.84    0.06
7656.0   1.95    0.07
7673.0   1.87    0.07
7674.0   1.89    0.07
# G 1
7665.0   1.70    0.06
# H1 11
7509.0   1.35    0.05
7530.0   1.45    0.05
7556.0   1.55    0.05
7614.0   1.54    0.05
7628.0   1.56    0.05
7643.0   1.73    0.06
7658.0   1.72    0.06
7716.0   1.53    0.05
7777.0   1.37    0.05
7797.0   1.53    0.05
7809.0   1.57    0.05
# H2 5
7556.0   1.65    0.06
7621.0   1.72    0.06
7628.0   1.60    0.06
7658.0   1.82    0.06
7736.0   1.54    0.05
# I 11
7524.0   1.64    0.06
7525.0   1.62    0.06
7574.0   1.57    0.05
7613.0   1.49    0.05
7645.0   1.84    0.06
7660.0   1.79    0.06
7703.0   1.64    0.06
7766.0   1.33    0.05
7767.0   1.31    0.05
7778.0   1.48    0.05
7779.0   1.46    0.05
# J 2
7592.0   1.23    0.04
7593.0   1.27    0.04