# A 21
7517.0   1.98   0.08
7534.0   2.06   0.08
7535.0   2.10   0.08
7560.0   1.79   0.07
7573.0   1.70   0.07
7582.0   1.56   0.06
7590.0   1.87   0.07
7600.0   2.00   0.08
7606.0   2.09   0.08
7618.0   2.30   0.09
7627.0   2.40   0.10
7642.0   2.50   0.10
7649.0   2.36   0.09
7653.0   2.36   0.09
7654.0   2.35   0.09
7657.0   2.28   0.09
7678.0   1.98   0.08
7711.0   2.07   0.08
7719.0   2.03   0.08
7725.0   1.97   0.08
7778.0   2.02   0.08
# B 4
7573.0   2.73   0.11
7584.0   2.73   0.11
7644.0   3.45   0.14
7661.0   3.26   0.13
# C 3
7687.0   1.84   0.07
7742.0   1.24   0.05
7748.0   1.38   0.06
# D 3
7616.0   1.98   0.08
7675.0   1.54   0.06
7676.0   1.62   0.06
# E 11
7561.0   1.95   0.08
7564.0   1.92   0.08
7565.0   1.93   0.08
7567.0   1.89   0.08
7568.0   1.84   0.07
7572.0   1.72   0.07
7629.0   2.37   0.09
7650.0   2.36   0.09
7654.0   2.46   0.10
7681.0   1.94   0.08
7682.0   2.12   0.08
# F 29
7528.0   1.72   0.07
7533.0   1.78   0.07
7539.0   1.88   0.08
7543.0   1.85   0.07
7570.0   1.56   0.06
7571.0   1.59   0.06
7587.0   1.52   0.06
7591.0   1.53   0.06
7592.0   1.69   0.07
7593.0   1.51   0.06
7593.0   1.47   0.06
7598.0   1.67   0.07
7599.0   1.72   0.07
7615.0   1.90   0.08
7617.0   1.98   0.08
7618.0   2.04   0.08
7620.0   2.09   0.08
7621.0   2.10   0.08
7623.0   2.03   0.08
7624.0   2.21   0.09
7626.0   2.08   0.08
7627.0   2.14   0.09
7643.0   2.17   0.09
7644.0   2.20   0.09
7650.0   2.18   0.09
7654.0   2.02   0.08
7656.0   2.07   0.08
7673.0   1.78   0.07
7674.0   1.76   0.07
# G 1
7665.0   2.22   0.09
# H1 11
7509.0   1.92   0.08
7530.0   1.97   0.08
7556.0   2.21   0.09
7614.0   2.31   0.09
7628.0   2.54   0.10
7643.0   2.34   0.09
7658.0   2.50   0.10
7716.0   2.00   0.08
7777.0   1.86   0.07
7797.0   2.21   0.09
7809.0   2.09   0.08
# H2 5
7556.0   1.86   0.07
7621.0   2.50   0.10
7628.0   2.23   0.09
7658.0   2.02   0.08
7736.0   1.25   0.05
# I 11
7524.0   2.11   0.08
7525.0   2.23   0.09
7574.0   1.89   0.08
7613.0   2.44   0.10
7645.0   2.46   0.10
7660.0   2.21   0.09
7703.0   1.96   0.08
7766.0   1.85   0.07
7767.0   1.85   0.07
7778.0   2.10   0.08
7779.0   2.10   0.08
# J 2
7592.0   1.96   0.08
7593.0   2.00   0.08
